Time,A0,A1,V, isJump
0,255,255,16
0.02,255,255,16
0.04,255,255,16
0.06,255,255,16
0.08,255,255,16
0.09999999,255,255,16
0.12,255,255,16
0.14,255,255,16
0.16,255,255,16
0.18,255,255,16
0.2,255,255,16
0.22,255,255,16
0.24,255,251,16
0.26,255,236,16
0.28,255,221,16
0.3,255,207,16
0.32,255,197,16
0.34,255,187,16
0.36,255,181,16
0.38,255,178,16
0.4,255,179,16
0.42,255,186,24
0.44,255,194,25
0.46,255,207,26
0.48,255,220,26
0.5,255,235,26
0.52,255,243,26
0.54,255,254,26
0.56,255,255,26
0.58,255,255,26
0.6,255,255,17
0.62,255,255,16
0.64,255,255,15
0.66,255,255,15
0.68,255,255,15
0.7,255,255,15
0.72,255,255,15
0.74,255,255,15
0.76,255,255,15
0.78,255,255,15
0.8,255,255,15
0.82,255,255,15
0.84,255,255,15
0.86,255,255,15
0.88,255,255,15
0.9,255,255,15
0.92,255,255,15
0.94,255,255,15
0.96,255,255,15
0.98,247,255,15
1,220,255,15
1.02,203,255,15
1.04,194,255,15
1.06,187,255,15
1.08,183,255,15
1.1,185,255,15
1.12,191,255,24
1.14,205,255,25
1.16,230,255,26
1.18,255,255,26
1.2,255,255,26
1.22,255,255,18
1.24,255,255,16
1.26,255,255,16
1.28,255,255,16
1.3,255,255,16
1.32,255,255,16
1.34,255,255,16
1.36,255,255,16
1.38,255,255,16
1.4,255,255,16
1.42,255,255,16
1.44,255,255,16
1.46,255,255,16
1.48,255,255,16
1.5,255,255,16
1.52,255,255,16
1.54,255,243,16
1.56,255,225,16
1.58,255,210,16
1.6,255,198,16
1.62,255,187,16
1.64,255,177,16
1.66,255,169,16
1.68,255,162,16
1.7,255,156,16
1.72,255,153,16
1.74,255,155,16
1.76,255,161,23
1.78,255,169,25
1.8,255,173,25
1.82,255,176,25
1.84,255,180,25
1.86,255,191,25
1.88,255,212,25
1.9,255,240,25
1.92,255,255,16
1.94,255,255,15
1.96,255,255,15
1.98,255,255,15
2,255,255,15
2.02,255,255,15
2.04,255,255,15
2.06,255,255,15
2.08,255,255,15
2.1,255,255,15
2.12,255,255,15
2.14,255,255,15
2.16,255,255,15
2.18,255,255,15
2.2,255,255,15
2.22,255,255,15
2.24,255,255,15
2.26,255,255,15
2.28,255,255,15
2.3,255,255,15
2.32,255,255,15
2.34,255,255,15
2.36,255,255,15
2.38,255,255,15
2.4,255,255,15
2.42,255,255,15
2.44,255,255,15
2.46,255,255,15
2.48,255,255,15
2.5,255,255,15
2.52,255,255,15
2.54,255,255,15
2.56,255,255,2
2.58,255,255,0
2.6,255,255,0
2.62,238,255,0
2.64,221,255,0
2.66,212,255,0
2.68,204,255,0
2.7,199,255,0
2.72,197,255,0
2.74,198,255,0
2.76,207,255,14
2.78,217,255,16
2.8,233,255,16
2.82,255,255,16
2.84,255,255,16
2.86,255,255,16
2.88,255,255,16
2.9,255,255,16
2.92,255,255,16
2.94,255,255,16
2.96,255,255,16
2.98,255,255,16
3,255,255,16
3.02,255,255,16
3.04,255,255,16
3.06,255,255,16
3.08,255,255,16
3.1,255,255,16
3.12,255,255,16
3.14,255,255,16
3.16,255,255,16
3.18,255,255,16
3.2,255,255,16
3.22,255,255,16
3.24,255,255,16
3.26,255,255,16
3.28,255,255,16
3.3,255,238,16
3.32,255,221,16
3.34,255,204,16
3.36,255,189,16
3.38,255,178,16
3.4,255,170,16
3.42,255,168,16
3.44,255,170,16
3.46,255,179,25
3.48,255,192,26
3.5,255,207,26
3.52,255,221,26
3.54,255,235,26
3.56,255,254,17
3.58,255,255,16
3.6,255,255,16
3.62,255,255,16
3.64,255,255,16
3.66,255,255,16
3.68,255,255,16
3.7,255,255,16
3.72,255,255,16
3.74,255,255,16
3.76,255,255,16
3.78,255,255,16
3.8,255,255,16
3.82,255,255,16
3.84,255,255,16
3.86,255,255,16
3.88,255,255,16
3.9,255,255,16
3.92,255,255,16
3.94,255,255,16
3.96,255,255,16
3.98,255,255,16
4,237,255,16
4.02,217,255,16
4.04,203,255,16
4.06,189,255,16
4.08,183,255,16
4.1,179,255,16
4.12,178,255,16
4.14,182,255,25
4.16,194,255,26
4.18,222,255,26
4.2,255,255,26
4.22,255,255,26
4.24,255,255,26
4.26,255,255,18
4.28,255,255,16
4.3,255,255,16
4.32,255,255,16
4.34,255,255,16
4.36,255,255,16
4.38,255,255,16
4.4,255,255,16
4.42,255,255,16
4.44,255,255,16
4.46,255,255,16
4.48,255,255,16
4.5,255,255,16
4.52,255,255,16
4.54,255,255,16
4.56,255,255,16
4.58,255,248,16
4.6,255,229,16
4.62,255,218,16
4.64,255,209,16
4.66,255,203,16
4.68,255,200,16
4.7,255,200,16
4.72,255,199,16
4.74,255,202,16
4.76,255,206,24
4.78,255,213,25
4.8,255,224,26
4.82,255,239,26
4.84,255,247,26
4.86,255,255,26
4.88,255,255,26
4.9,255,255,26
4.92,255,255,26
4.94,255,255,17
4.96,255,255,16
4.98,255,255,15
5,255,255,15
5.02,255,255,15
5.04,255,255,15
5.06,255,255,15
5.08,255,255,15
5.1,255,255,15
5.12,255,255,15
5.14,255,255,15
5.16,255,255,15
5.18,255,255,15
5.2,255,255,15
5.22,255,255,15
5.24,255,255,15
5.26,255,255,15
5.28,247,255,15
5.3,223,255,15
5.32,207,255,15
5.34,196,255,15
5.36,188,255,15
5.38,183,255,15
5.4,183,255,15
5.42,194,255,24
5.44,211,255,25
5.46,252,255,26
5.48,255,255,26
5.5,255,255,26
5.52,255,255,26
5.54,255,255,26
5.56,255,255,18
5.58,255,255,16
5.6,255,255,16
5.62,255,255,16
5.64,255,255,16
5.66,255,255,16
5.68,255,255,16
5.7,255,255,16
5.72,255,255,16
5.74,255,255,16
5.76,255,255,16
5.78,255,255,16
5.8,255,255,16
5.82,255,255,16
5.84,255,255,16
5.86,255,235,16
5.88,255,224,16
5.9,255,215,16
5.92,255,212,16
5.94,255,212,16
5.96,255,215,16
5.98,255,222,25
6,255,231,27
6.02,255,242,27
6.04,255,255,27
6.06,255,255,27
6.08,255,255,27
6.1,255,255,27
6.12,255,255,27
6.14,255,255,27
6.16,255,255,27
6.18,255,255,27
6.2,255,255,27
6.22,255,255,18
6.24,255,255,17
6.26,255,255,17
6.28,255,255,17
6.3,255,255,17
6.32,255,255,17
6.34,255,255,17
6.36,255,255,17
6.38,255,255,17
6.4,255,255,17
6.42,255,255,17
6.44,255,255,17
6.46,255,255,17
6.48,249,255,17
6.5,246,255,17
6.52,244,255,17
6.54,250,255,27
6.56,255,255,29
6.58,255,255,29
6.6,255,255,29
6.62,255,255,29
6.64,255,255,29
6.66,255,255,29
6.68,255,255,29
6.7,255,255,29
6.72,255,255,29
6.74,255,255,29
6.76,255,255,29
6.78,255,255,19
6.8,255,255,18
6.82,255,255,18
6.84,255,255,18
6.86,255,255,18
6.88,255,255,18
6.9,255,255,18
6.92,255,255,18
6.94,255,255,18
6.96,255,255,18
6.98,255,255,18
7,255,248,18
7.02,255,223,18
7.04,255,204,18
7.06,255,190,18
7.08,255,181,18
7.1,255,178,18
7.12,255,180,18
7.14,255,189,27
7.16,255,197,28
7.18,255,209,29
7.2,255,224,29
7.22,255,244,29
7.24,255,254,29
7.26,255,255,29
7.28,255,255,29
7.3,255,255,29
7.32,255,255,29
7.34,255,255,18
7.36,255,255,16
7.38,255,255,16
7.4,255,255,16
7.42,255,255,16
7.44,255,255,16
7.46,255,255,16
7.48,255,255,16
7.5,255,255,16
7.52,255,255,16
7.54,255,255,16
7.56,228,255,16
7.58,200,255,16
7.6,180,255,16
7.62,163,255,16
7.64,150,255,16
7.66,147,255,16
7.68,145,255,16
7.7,152,255,25
7.72,163,255,26
7.74,178,255,26
7.76,204,255,27
7.78,248,255,27
7.8,255,255,27
7.82,255,255,27
7.84,255,255,27
7.86,255,255,27
7.88,255,255,27
7.9,255,255,27
7.92,255,255,27
7.94,255,255,18
7.96,255,255,16
7.98,255,255,16
8,255,255,16
8.02,255,255,16
8.04,255,255,16
8.059999,255,255,16
8.08,255,255,16
8.099999,255,255,16
8.12,255,255,16
8.139999,255,255,16
8.16,255,240,16
8.179999,255,223,16
8.2,255,210,16
8.22,255,201,16
8.24,255,196,16
8.26,255,195,16
8.28,255,200,25
8.3,255,208,27
8.32,255,218,27
8.34,255,223,27
8.36,255,227,27
8.38,255,230,27
8.4,255,235,27
8.42,255,246,27
8.44,255,255,27
8.46,255,255,27
8.48,255,255,27
8.5,255,255,18
8.52,255,255,17
8.54,255,255,17
8.559999,255,255,17
8.58,255,255,17
8.599999,255,255,17
8.62,255,255,17
8.639999,255,255,17
8.66,255,255,17
8.679999,255,255,17
8.7,255,255,17
8.72,255,255,17
8.74,255,255,17
8.76,255,255,17
8.78,255,255,17
8.8,253,255,17
8.82,234,255,17
8.84,217,255,17
8.86,204,255,17
8.88,194,255,17
8.9,187,255,17
8.92,186,255,17
8.94,183,255,17
8.96,186,255,17
8.98,188,255,17
9,195,255,25
9.02,203,255,26
9.04,231,255,26
9.059999,255,255,26
9.08,255,255,17
9.099999,255,255,16
9.12,255,255,15
9.139999,255,255,15
9.16,255,255,15
9.179999,255,255,15
9.2,255,255,15
9.22,255,255,15
9.24,255,255,15
9.26,255,255,15
9.28,255,255,15
9.3,255,255,15
9.32,255,255,15
9.34,255,255,15
9.36,255,255,15
9.38,255,255,15
9.4,255,255,15
9.42,255,255,15
9.44,255,255,15
9.46,255,255,15
9.48,255,255,15
9.5,255,255,15
9.52,255,255,15
9.54,255,255,15
9.559999,255,255,15
9.58,255,246,15
9.599999,255,232,15
9.62,255,218,15
9.639999,255,205,15
9.66,255,193,15
9.679999,255,183,15
9.7,255,176,15
9.719999,255,172,15
9.74,255,170,15
9.76,255,172,15
9.78,255,178,23
9.8,255,184,16
9.82,255,190,15
9.84,255,199,15
9.86,255,217,15
9.88,255,240,15
9.9,255,246,15
9.92,255,252,15
9.94,255,255,15
9.96,255,255,15
9.98,255,255,15
10,255,255,15
10.02,255,255,15
10.04,255,255,15
10.06,255,255,15
10.08,255,255,15
10.1,255,255,15
10.12,255,255,15
10.14,255,255,15
10.16,255,255,15
10.18,255,255,15
10.2,255,255,15
10.22,255,255,15
10.24,255,255,15
10.26,255,255,15
10.28,255,255,15
10.3,255,255,15
10.32,255,255,15
10.34,255,255,15
10.36,253,255,15
10.38,223,255,15
10.4,201,255,15
10.42,185,255,15
10.44,168,255,15
10.46,160,255,15
10.48,154,255,15
10.5,154,255,15
10.52,155,255,15
10.54,159,255,23
10.56,165,255,25
10.58,179,255,17
10.6,211,255,16
10.62,254,255,16
10.64,255,255,16
10.66,255,255,16
10.68,255,255,16
10.7,255,255,16
10.72,255,255,16
10.74,255,255,16
10.76,255,255,16
10.78,255,255,16
10.8,255,255,16
10.82,255,255,16
10.84,255,255,16
10.86,255,255,16
10.88,255,255,16
10.9,255,255,16
10.92,255,255,16
10.94,255,255,16
10.96,255,255,16
10.98,255,255,16
11,255,255,16
11.02,255,255,16
11.04,255,255,16
11.06,255,255,16
11.08,255,255,16
11.1,255,255,16
11.12,255,255,16
11.14,255,255,16
11.16,255,255,16
11.18,255,246,16
11.2,255,229,16
11.22,255,213,16
11.24,255,201,16
11.26,255,187,16
11.28,255,176,16
11.3,255,167,16
11.32,255,160,16
11.34,255,155,2
11.36,255,153,0
11.38,255,156,0
11.4,255,164,13
11.42,255,172,14
11.44,255,175,15
11.46,255,178,15
11.48,255,182,15
11.5,255,192,15
11.52,255,207,15
11.54,255,218,15
11.56,255,228,15
11.58,255,236,15
11.6,255,243,15
11.62,255,249,15
11.64,255,254,15
11.66,255,255,15
11.68,255,255,15
11.7,255,255,15
11.72,255,255,15
11.74,255,254,15
11.76,255,255,15
11.78,255,255,15
11.8,255,255,15
11.82,255,255,15
11.84,255,255,15
11.86,255,255,15
11.88,255,255,15
11.9,255,255,15
11.92,255,255,15
11.94,255,255,15
11.96,255,255,15
11.98,255,255,15
12,255,255,15
12.02,255,255,15
12.04,255,255,15
12.06,255,255,15
12.08,255,255,15
12.1,255,255,15
12.12,255,255,15
12.14,255,255,15
12.16,255,255,15
12.18,255,255,15
12.2,255,255,2
12.22,255,255,0
12.24,255,255,0
12.26,255,255,0
12.28,255,254,0
12.3,255,255,0
12.32,255,255,0
12.34,255,254,0
12.36,255,254,0
12.38,255,255,0
12.4,255,255,0
12.42,255,255,0
12.44,255,255,0
12.46,255,255,0
12.48,242,255,0
12.5,210,255,0
12.52,187,255,0
12.54,167,255,0
12.56,148,255,0
12.58,136,255,0
12.6,121,255,0
12.62,116,255,0
12.64,114,255,0
12.66,115,255,0
12.68,120,255,13
12.7,132,255,15
12.72,139,255,15
12.74,146,255,15
12.76,157,255,15
12.78,167,255,15
12.8,169,255,15
12.82,173,255,15
12.84,177,255,15
12.86,182,255,15
12.88,186,255,15
12.9,195,255,15
12.92,203,255,15
12.94,212,255,15
12.96,226,255,15
12.98,238,255,15
13,255,255,15
13.02,255,255,15
13.04,255,255,15
13.06,255,255,15
13.08,255,255,15
13.1,255,255,15
13.12,255,255,15
13.14,255,255,15
13.16,255,255,15
13.18,255,255,15
13.2,255,255,15
13.22,255,255,15
13.24,255,255,15
13.26,255,255,15
13.28,255,255,15
13.3,255,255,15
13.32,255,255,15
13.34,255,255,15
13.36,255,254,15
13.38,255,255,15
13.4,255,255,15
13.42,255,255,15
13.44,255,255,15
13.46,255,255,15
13.48,255,255,2
13.5,255,255,0
13.52,255,255,0
13.54,255,255,0
13.56,255,254,0
13.58,255,255,0
13.6,255,255,0
13.62,255,255,0
13.64,255,255,0
13.66,255,255,0
13.68,255,255,0
13.7,255,241,0
13.72,255,224,0
13.74,255,208,0
13.76,255,192,0
13.78,255,176,0
13.8,255,164,0
13.82,255,154,0
13.84,255,147,0
13.86,255,140,0
13.88,255,135,0
13.9,255,124,0
13.92,255,123,0
13.94,255,123,0
13.96,255,135,12
13.98,255,144,14
14,255,153,14
14.02,255,162,14
14.04,255,172,14
14.06,255,189,14
14.08,255,213,14
14.1,255,224,14
14.12,255,228,14
14.14,255,231,14
14.16,255,238,14
14.18,255,248,14
14.2,255,255,14
14.22,255,255,14
14.24,255,255,14
14.26,255,255,14
14.28,255,255,14
14.3,255,255,14
14.32,255,255,14
14.34,255,255,14
14.36,255,255,14
14.38,255,255,14
14.4,255,255,14
14.42,255,255,14
14.44,255,255,14
14.46,255,255,14
14.48,255,255,14
14.5,255,255,14
14.52,255,255,14
14.54,255,255,14
14.56,255,255,14
14.58,255,255,14
14.6,255,255,14
14.62,255,255,14
14.64,255,255,14
14.66,255,255,14
14.68,255,255,14
14.7,255,255,14
14.72,255,255,14
14.74,255,255,14
14.76,255,255,2
14.78,255,255,0
14.8,255,255,0
14.82,255,255,0
14.84,255,255,0
14.86,255,255,0
14.88,255,255,0
14.9,255,255,0
14.92,255,255,0
14.94,255,255,0
14.96,255,255,0
14.98,237,255,0
15,217,255,0
15.02,199,255,0
15.04,182,255,0
15.06,163,255,0
15.08,148,255,0
15.1,134,255,0
15.12,120,255,0
15.14,115,255,0
15.16,110,255,0
15.18,104,255,0
15.2,102,255,0
15.22,102,255,0
15.24,105,255,0
15.26,107,255,0
15.28,109,255,0
15.3,110,255,0
15.32,112,255,0
15.34,115,255,0
15.36,124,255,11
15.38,136,255,12
15.4,146,255,13
15.42,153,255,13
15.44,157,255,13
15.46,167,255,13
15.48,185,255,13
15.5,211,255,13
15.52,225,255,13
15.54,231,255,13
15.56,240,255,13
15.58,255,255,13
15.6,255,255,13
15.62,255,255,13
15.64,255,255,13
15.66,255,255,13
15.68,255,255,13
15.7,255,255,13
15.72,255,255,13
15.74,255,255,13
15.76,255,255,13
15.78,255,255,13
15.8,255,255,13
15.82,255,255,13
15.84,255,255,13
15.86,255,255,13
15.88,255,255,13
15.9,255,255,13
15.92,255,255,13
15.94,255,255,13
15.96,255,255,13
15.98,255,255,13
16,255,255,13
16.02,255,255,13
16.04,255,255,13
16.06,255,255,13
16.08,255,255,13
16.1,255,255,13
16.12,255,255,13
16.14,255,255,13
16.16,255,255,1
16.18,255,255,0
16.2,255,255,0
16.22,255,255,0
16.24,255,255,0
16.26,255,255,0
16.28,255,255,0
16.3,255,255,0
16.32,255,255,0
16.34,255,255,0
16.36,255,255,0
16.38,255,255,0
16.4,255,255,0
16.42,255,255,0
16.44,255,255,0
16.46,255,255,0
16.48,255,242,0
16.5,255,220,0
16.52,255,198,0
16.54,255,176,0
16.56,255,159,0
16.58,255,145,0
16.6,255,136,0
16.62,255,123,0
16.64,255,117,0
16.66,255,114,0
16.68,255,114,0
16.7,255,119,12
16.72,255,127,14
16.74,255,143,15
16.76,255,154,15
16.78,255,168,15
16.8,255,186,15
16.82,255,209,15
16.84,255,227,15
16.86,255,238,15
16.88,255,245,15
16.9,255,253,15
16.92,255,255,15
16.94,255,255,15
16.96,255,255,15
16.98,255,255,15
17,255,255,15
17.02,255,255,15
17.04,255,255,15
17.06,255,255,15
17.08,255,255,15
17.1,255,255,15
17.12,255,255,15
17.14,255,255,15
17.16,255,255,15
17.18,255,255,15
17.2,255,255,15
17.22,255,255,15
17.24,255,255,15
17.26,255,255,15
17.28,255,255,15
17.3,255,255,15
17.32,255,255,15
17.34,255,255,15
17.36,255,255,15
17.38,255,255,15
17.4,255,255,15
17.42,255,255,15
17.44,255,255,15
17.46,255,255,15
17.48,255,255,15
17.5,255,255,2
17.52,255,255,0
17.54,255,255,0
17.56,255,255,0
17.58,255,255,0
17.6,255,255,0
17.62,237,255,0
17.64,213,255,0
17.66,197,255,0
17.68,178,255,0
17.7,161,255,0
17.72,146,255,0
17.74,135,255,0
17.76,125,255,0
17.78,121,255,0
17.8,121,255,0
17.82,126,255,13
17.84,139,255,15
17.86,150,255,15
17.88,158,255,15
17.9,169,255,15
17.92,187,255,15
17.94,215,255,15
17.96,240,255,15
17.98,255,255,15
18,255,255,15
18.02,255,255,15
18.04,255,255,15
18.06,255,255,15
18.08,255,255,15
18.1,255,255,15
18.12,255,255,15
18.14,255,255,15
18.16,255,255,15
18.18,255,255,15
18.2,255,255,15
18.22,255,255,15
18.24,255,255,15
18.26,255,255,15
18.28,255,255,15
18.3,255,255,15
18.32,255,255,15
18.34,255,255,15
18.36,255,255,15
18.38,255,255,15
18.4,255,255,15
18.42,255,255,15
18.44,255,255,15
18.46,255,255,15
18.48,255,255,15
18.5,255,254,15
18.52,255,255,15
18.54,255,255,15
18.56,255,255,15
18.58,255,255,15
18.6,255,255,15
18.62,255,255,2
18.64,255,255,0
18.66,255,255,0
18.68,255,255,0
18.7,255,255,0
18.72,255,255,0
18.74,255,255,0
18.76,255,255,0
18.78,255,255,0
18.8,255,255,0
18.82,255,255,0
18.84,255,255,0
18.86,255,255,0
18.88,255,255,0
18.9,255,255,0
18.92,255,255,0
18.94,255,255,0
18.96,255,255,0
18.98,255,255,0
19,255,255,0
19.02,255,253,0
19.04,255,230,0
19.06,255,210,0
19.08,255,188,0
19.1,255,171,0
19.12,255,158,0
19.14,255,147,0
19.16,255,138,0
19.18,255,130,0
19.2,255,120,0
19.22,255,118,0
19.24,255,118,0
19.26,255,118,0
19.28,255,116,0
19.3,255,115,0
19.32,255,112,0
19.34,255,110,0
19.36,255,111,0
19.38,255,112,0
19.4,255,114,0
19.42,255,118,11
19.44,255,124,12
19.46,255,143,13
19.48,255,160,13
19.5,255,177,13
19.52,255,186,13
19.54,255,195,13
19.56,255,208,13
19.58,255,219,13
19.6,255,227,13
19.62,255,235,13
19.64,255,245,13
19.66,255,255,13
19.68,255,255,13
19.7,255,255,13
19.72,255,255,13
19.74,255,255,13
19.76,255,255,13
19.78,255,255,13
19.8,255,255,13
19.82,255,255,13
19.84,255,255,13
19.86,255,255,13
19.88,255,255,13
19.9,255,255,13
19.92,255,255,13
19.94,255,255,13
19.96,255,255,13
19.98,255,255,13
20,255,255,13
20.02,255,255,13
20.04,255,255,13
20.06,255,255,13
20.08,255,255,13
20.1,255,255,13
20.12,255,255,13
20.14,255,255,13
20.16,255,255,13
20.18,255,255,13
20.2,255,255,13
20.22,255,255,1
20.24,255,255,0
20.26,255,255,0
20.28,255,255,0
20.3,255,255,0
20.32,227,255,0
20.34,200,255,0
20.36,180,255,0
20.38,162,255,0
20.4,143,255,0
20.42,130,255,0
20.44,117,255,0
20.46,107,255,0
20.48,101,255,0
20.5,100,255,0
20.52,101,255,0
20.54,106,255,12
20.56,115,255,14
20.58,127,255,15
20.6,147,255,15
20.62,169,255,15
20.64,199,255,15
20.66,226,255,15
20.68,249,255,15
20.7,255,255,15
20.72,255,255,15
20.74,255,255,15
20.76,255,255,15
20.78,255,255,15
20.8,255,255,15
20.82,255,255,15
20.84,255,255,15
20.86,255,255,15
20.88,255,255,15
20.9,255,255,15
20.92,255,255,15
20.94,255,255,15
20.96,255,255,15
20.98,255,255,15
21,255,255,15
21.02,255,255,15
21.04,255,255,15
21.06,255,255,15
21.08,255,255,15
21.1,255,255,15
21.12,255,255,15
21.14,255,255,15
21.16,255,255,15
21.18,255,255,15
21.2,255,255,15
21.22,255,255,15
21.24,255,255,15
21.26,255,255,15
21.28,255,255,15
21.3,255,255,15
21.32,255,255,15
21.34,255,255,2
21.36,255,255,0
21.38,255,240,0
21.4,255,222,0
21.42,255,204,0
21.44,255,188,0
21.46,255,172,0
21.48,255,157,0
21.5,255,147,0
21.52,255,139,0
21.54,255,132,0
21.56,255,124,0
21.58,255,123,0
21.6,255,125,0
21.62,255,136,12
21.64,255,140,14
21.66,255,146,14
21.68,255,153,14
21.7,255,164,14
21.72,255,186,14
21.74,255,212,14
21.76,255,228,14
21.78,255,240,14
21.8,255,247,14
21.82,255,252,14
21.84,255,252,14
21.86,255,252,14
21.88,255,252,14
21.9,255,252,14
21.92,255,253,14
21.94,255,252,14
21.96,255,253,14
21.98,255,253,14
22,255,253,14
22.02,255,253,14
22.04,255,252,14
22.06,255,253,14
22.08,255,253,14
22.1,255,253,14
22.12,255,252,14
22.14,255,253,14
22.16,255,253,14
22.18,255,253,14
22.2,255,253,14
22.22,255,252,14
22.24,255,253,14
22.26,255,253,14
22.28,255,255,14
22.3,255,255,14
22.32,255,255,14
22.34,255,255,14
22.36,246,255,14
22.38,223,255,14
22.4,202,255,14
22.42,183,255,2
22.44,169,255,0
22.46,154,255,0
22.48,144,255,0
22.5,136,255,0
22.52,126,255,0
22.54,124,255,0
22.56,126,255,0
22.58,138,255,12
22.6,148,255,14
22.62,158,255,15
22.64,170,255,15
22.66,181,255,15
22.68,203,255,15
22.7,230,255,15
22.72,255,255,15
22.74,255,255,15
22.76,255,255,15
22.78,255,255,15
22.8,255,255,15
22.82,255,255,15
22.84,255,254,15
22.86,255,254,15
22.88,255,254,15
22.9,255,255,15
22.92,255,254,15
22.94,255,255,15
22.96,255,254,15
22.98,255,253,15
23,255,253,15
23.02,255,254,15
23.04,255,254,15
23.06,255,254,15
23.08,255,254,15
23.1,255,253,15
23.12,255,254,15
23.14,255,254,15
23.16,255,253,15
23.18,255,254,15
23.2,255,254,15
23.22,255,254,15
23.24,255,254,15
23.26,255,250,15
23.28,255,231,15
23.3,255,212,15
23.32,255,196,15
23.34,255,181,15
23.36,255,170,15
23.38,255,161,2
23.4,255,154,0
23.42,255,150,0
23.44,255,150,0
23.46,255,156,13
23.48,255,166,15
23.5,255,177,15
23.52,255,183,15
23.54,255,188,15
23.56,255,199,15
23.58,255,222,15
23.6,255,241,15
23.62,255,247,15
23.64,255,253,15
23.66,255,255,15
23.68,255,255,15
23.7,255,255,15
23.72,255,255,15
23.74,255,255,15
23.76,255,255,15
23.78,255,255,15
23.8,255,255,15
23.82,255,255,15
23.84,255,255,15
23.86,255,255,15
23.88,255,255,15
23.9,255,255,15
23.92,255,255,15
23.94,255,255,15
23.96,255,255,15
23.98,255,255,15
24,255,255,15
24.02,255,255,15
24.04,255,255,15
24.06,255,255,15
24.08,255,255,15
24.1,255,255,15
24.12,255,255,15
24.14,234,255,15
24.16,207,255,15
24.18,183,255,15
24.2,164,255,15
24.22,149,255,15
24.24,140,255,15
24.26,136,255,2
24.28,138,255,0
24.3,148,255,13
24.32,157,255,15
24.34,171,255,16
24.36,185,255,16
24.38,211,255,16
24.4,249,255,16
24.42,255,255,16
24.44,255,255,16
24.46,255,255,16
24.48,255,255,16
24.5,255,255,16
24.52,255,255,16
24.54,255,255,16
24.56,255,255,16
24.58,255,255,16
24.6,255,255,16
24.62,255,255,16
24.64,255,255,16
24.66,255,255,16
24.68,255,255,16
24.7,255,255,16
24.72,255,255,16
24.74,255,255,16
24.76,255,255,16
24.78,255,255,16
24.8,255,255,16
24.82,255,255,16
24.84,255,255,16
24.86,255,244,16
24.88,255,222,16
24.9,255,205,16
24.92,255,193,16
24.94,255,186,16
24.96,255,184,16
24.98,255,185,16
25,255,189,25
25.02,255,194,26
25.04,255,199,26
25.06,255,205,26
25.08,255,218,26
25.1,255,232,18
25.12,255,244,16
25.14,255,250,16
25.16,255,255,16
25.18,255,255,16
25.2,255,255,16
25.22,255,255,16
25.24,255,255,16
25.26,255,255,16
25.28,255,255,16
25.3,255,255,16
25.32,255,255,16
25.34,255,255,16
25.36,255,255,16
25.38,255,255,16
25.4,255,255,16
25.42,255,255,16
25.44,255,255,16
25.46,255,255,16
25.48,255,255,16
25.5,255,255,16
25.52,237,255,16
25.54,214,255,16
25.56,199,255,16
25.58,185,255,16
25.6,178,255,16
25.62,176,255,16
25.64,177,255,16
25.66,183,255,25
25.68,193,255,26
25.7,209,255,26
25.72,235,255,27
25.74,255,255,27
25.76,255,255,27
25.78,255,255,27
25.8,255,255,18
25.82,255,255,16
25.84,255,255,16
25.86,255,255,16
25.88,255,255,16
25.9,255,255,16
25.92,255,255,16
25.94,255,255,16
25.96,255,255,16
25.98,255,255,16
26,255,255,16
26.02,255,255,16
26.04,255,255,16
26.06,255,255,16
26.08,255,243,16
26.1,255,227,16
26.12,255,220,16
26.14,255,216,16
26.16,255,217,16
26.18,255,222,26
26.2,255,229,27
26.22,255,236,27
26.24,255,239,27
26.26,255,241,28
26.28,255,241,28
26.3,255,241,28
26.32,255,240,28
26.34,255,241,28
26.36,255,241,28
26.38,255,241,28
26.4,255,241,28
26.42,255,241,28
26.44,255,241,28
26.46,255,241,19
26.48,255,245,17
26.5,255,255,17
26.52,255,255,17
26.54,255,255,17
26.56,238,255,17
26.58,217,255,17
26.6,205,255,17
26.62,198,254,17
26.64,197,255,17
26.66,198,255,17
26.68,208,255,26
26.7,217,255,28
26.72,235,255,28
26.74,255,255,28
26.76,255,254,28
26.78,255,255,28
26.8,255,245,43
26.82,255,242,45
26.84,255,244,45
26.86,255,244,45
26.88,255,243,45
26.9,255,243,45
26.92,255,243,45
26.94,255,243,45
26.96,255,243,45
26.98,255,242,45
27,255,242,45
27.02,255,242,45
27.04,255,242,45
27.06,255,235,45
27.08,255,227,45
27.1,255,225,45
27.12,255,225,45
27.14,255,226,45
27.16,255,233,34
27.18,255,240,32
27.2,255,243,32
27.22,255,242,32
27.24,255,243,32
27.26,255,243,32
27.28,255,242,32
27.3,255,243,32
27.32,255,243,32
27.34,255,243,32
27.36,255,243,32
27.38,255,242,32
27.4,255,243,32
27.42,255,243,32
27.44,255,242,32
27.46,255,246,32
27.48,255,255,22
27.5,255,255,20
27.52,255,255,20
27.54,255,255,20
27.56,247,255,20
27.58,224,255,20
27.6,207,255,20
27.62,194,255,20
27.64,180,255,20
27.66,170,254,20
27.68,166,254,20
27.7,166,255,20
27.72,165,255,20
27.74,165,255,20
27.76,167,255,20
27.78,170,255,20
27.8,170,255,20
27.82,170,255,20
27.84,170,255,20
27.86,168,255,20
27.88,167,254,20
27.9,169,255,20
27.92,169,255,20
27.94,171,255,20
27.96,175,255,14
27.98,181,254,13
28,192,255,12
28.02,215,255,12
28.04,243,255,12
28.06,255,255,12
28.08,255,255,12
28.1,255,254,12
28.12,255,255,12
28.14,255,243,12
28.16,255,243,12
28.18,255,243,12
28.2,255,242,12
28.22,255,242,12
28.24,255,242,12
28.26,255,242,12
28.28,255,242,12
28.3,255,242,12
28.32,255,241,12
28.34,255,242,12
28.36,255,242,12
28.38,255,242,12
28.4,255,242,12
28.42,255,242,12
28.44,255,216,12
28.46,255,198,12
28.48,255,183,12
28.5,255,171,12
28.52,255,160,12
28.54,255,152,12
28.56,255,146,12
28.58,255,143,12
28.6,255,142,12
28.62,255,142,12
28.64,255,145,12
28.66,255,148,12
28.68,255,149,12
28.7,255,150,12
28.72,255,151,12
28.74,255,151,12
28.76,255,152,1
28.78,255,155,0
28.8,255,160,9
28.82,255,169,10
28.84,255,181,10
28.86,255,196,10
28.88,255,218,10
28.9,255,238,10
28.92,255,244,10
28.94,255,253,10
28.96,255,255,10
28.98,255,255,10
29,255,255,10
29.02,255,255,10
29.04,255,255,10
29.06,255,255,10
29.08,255,255,10
29.1,255,255,10
29.12,255,255,10
29.14,255,255,10
29.16,255,255,10
29.18,255,255,10
29.2,255,255,10
29.22,255,255,10
29.24,255,255,10
29.26,255,255,10
29.28,255,255,10
29.3,255,255,10
29.32,255,255,10
29.34,255,255,10
29.36,255,255,10
29.38,255,255,10
29.4,255,255,10
29.42,255,255,10
29.44,255,255,10
29.46,233,255,10
29.48,208,255,10
29.5,186,255,10
29.52,165,255,10
29.54,149,255,10
29.56,135,255,10
29.58,119,255,10
29.6,112,255,1
29.62,107,255,0
29.64,107,255,0
29.66,107,255,0
29.68,110,255,0
29.7,114,255,12
29.72,119,255,14
29.74,123,255,14
29.76,125,255,14
29.78,137,255,14
29.8,143,255,14
29.82,145,255,14
29.84,152,255,14
29.86,156,255,14
29.88,164,255,14
29.9,167,255,14
29.92,172,255,14
29.94,175,255,14
29.96,177,255,14
29.98,181,255,14
30,183,255,14
30.02,187,255,14
30.04,190,255,14
30.06,192,255,14
30.08,194,255,14
30.1,196,255,14
30.12,196,255,14
30.14,200,255,14
30.16,200,255,14
30.18,203,255,14
30.2,204,255,14
30.22,206,255,14
30.24,208,255,14
30.26,211,255,14
30.28,215,255,14
30.3,216,255,14
30.32,220,255,14
30.34,223,255,14
30.36,228,255,14
30.38,232,255,14
30.4,236,255,14
30.42,243,255,14
30.44,250,255,14
30.46,255,255,14
30.48,255,255,14
30.5,255,255,2
30.52,255,255,0
30.54,255,255,0
30.56,255,255,0
30.58,255,255,0
30.6,255,255,0
30.62,255,255,0
30.64,255,255,0
30.66,255,255,0
30.68,255,255,0
30.7,255,255,0
30.72,255,255,0
30.74,255,255,0
30.76,255,255,0
30.78,255,255,0
30.8,255,255,0
30.82,255,255,0
30.84,255,255,0
30.86,255,255,0
30.88,255,255,0
30.9,255,255,0
30.92,255,255,0
30.94,255,255,0
30.96,255,255,0
30.98,255,255,0
31,255,255,0
31.02,255,255,0
31.04,255,255,0
31.06,255,255,0
31.08,255,255,0
31.1,255,255,0
31.12,255,255,0
31.14,255,255,0
31.16,255,255,0
31.18,255,255,0
31.2,255,255,0
31.22,255,255,0
31.24,255,254,0
31.26,255,255,0
31.28,255,255,0
31.3,255,255,0
31.32,255,254,0
31.34,255,255,0
31.36,255,255,0
31.38,255,255,0
31.4,255,255,0
31.42,255,255,0
31.44,255,254,0
31.46,255,254,0
31.48,255,255,0
31.5,255,250,0
31.52,255,232,0
31.54,255,217,0
31.56,255,206,0
31.58,255,193,0
31.6,255,182,0
31.62,255,170,0
31.64,255,159,0
31.66,255,152,0
31.68,255,149,0
31.7,255,149,0
31.72,255,153,12
31.74,255,157,14
31.76,255,159,15
31.78,255,162,15
31.8,255,165,15
31.82,255,169,15
31.84,255,176,15
31.86,255,184,15
31.88,255,198,15
31.9,255,214,15
31.92,255,230,15
31.94,255,241,15
31.96,255,247,15
31.98,255,255,15
32,255,255,15
32.02,255,255,15
32.04,255,254,15
32.06,255,254,15
32.08,255,254,15
32.1,255,255,15
32.12,255,254,15
32.14,255,255,15
32.16,255,254,15
32.18,255,254,15
32.2,255,254,15
32.22,255,255,15
32.24,255,255,15
32.26,255,255,15
32.28,255,254,15
32.3,255,255,15
32.32,255,255,15
32.34,255,255,15
32.36,255,254,15
32.38,255,254,15
32.4,255,255,15
32.42,255,255,15
32.44,255,255,15
32.46,255,254,15
32.48,255,254,15
32.5,255,254,15
32.52,255,254,2
32.54,255,254,0
32.56,255,254,0
32.58,255,254,0
32.6,255,255,0
32.62,255,254,0
32.64,255,254,0
32.66,255,255,0
32.68,255,254,0
32.7,255,255,0
32.72,255,255,0
32.74,255,255,0
32.76,255,255,0
32.78,246,255,0
32.8,222,255,0
32.82,200,255,0
32.84,179,255,0
32.86,160,255,0
32.88,141,255,0
32.9,121,255,0
32.92,108,255,0
32.94,101,255,0
32.96,93,255,0
32.98,90,255,0
33,91,255,0
33.02,90,255,0
33.04,92,255,0
33.06,95,255,0
33.08,96,255,0
33.1,95,255,0
33.12,95,255,0
33.14,98,255,0
33.16,98,255,0
33.18,100,255,0
33.2,101,255,0
33.22,103,255,0
33.24,104,255,0
33.26,106,255,0
33.28,108,255,0
33.3,112,255,10
33.32,115,255,11
33.34,123,255,11
33.36,132,255,11
33.38,139,255,11
33.4,145,255,11
33.42,152,255,11
33.44,156,255,11
33.46,160,255,11
33.48,163,255,11
33.5,167,255,11
33.52,169,255,11
33.54,172,255,11
33.56,176,255,11
33.58,179,255,11
33.6,183,255,11
33.62,183,255,11
33.64,187,255,11
33.66,187,255,11
33.68,189,255,11
33.7,192,255,11
33.72,192,255,11
33.74,193,255,11
33.76,195,255,11
33.78,198,255,11
33.8,201,255,11
33.82,201,255,11
33.84,204,255,11
33.86,208,255,11
33.88,211,255,11
33.9,215,255,11
33.92,222,255,11
33.94,223,255,11
33.96,229,255,11
33.98,232,255,11
34,238,255,11
34.02,241,255,11
34.04,243,255,11
34.06,242,255,11
34.08,244,255,11
34.1,243,255,1
34.12,244,255,0
34.14,247,255,0
34.16,251,255,0
34.18,254,255,0
34.2,255,255,0
34.22,255,255,0
34.24,255,255,0
34.26,255,255,0
34.28,255,255,0
34.3,255,255,0
34.32,255,255,0
34.34,255,255,0
34.36,255,255,0
34.38,255,255,0
34.4,255,255,0
34.42,255,255,0
34.44,255,255,0
34.46,255,255,0
34.48,255,255,0
34.5,255,255,0
34.52,255,255,0
34.54,255,255,0
34.56,255,255,0
34.58,255,255,0
34.6,255,255,0
34.62,255,255,0
34.64,255,255,0
34.66,255,255,0
34.68,255,255,0
34.7,255,255,0
34.72,255,255,0
34.74,255,255,0
34.76,255,255,0
34.78,255,255,0
34.8,255,255,0
34.82,255,255,0
34.84,255,255,0
34.86,255,255,0
34.88,255,255,0
34.9,255,255,0
34.92,255,255,0
34.94,255,255,0
34.96,255,255,0
34.98,255,255,0
35,255,255,0
35.02,255,255,0
35.04,255,255,0
35.06,255,255,0
35.08,255,255,0
35.1,255,255,0
35.12,255,255,0
35.14,255,255,0
35.16,255,255,0
35.18,255,255,0
35.2,255,255,0
35.22,255,255,0
35.24,255,255,0
35.26,255,255,0
35.28,255,255,0
35.3,255,255,0
35.32,255,255,0
35.34,255,255,0
35.36,255,255,0
35.38,255,255,0
35.4,255,255,0
35.42,255,255,0
35.44,255,255,0
35.46,255,255,0
35.48,255,255,0
35.5,255,255,0
35.52,255,255,0
35.54,255,255,0
35.56,255,255,0
35.58,255,255,0
35.6,255,255,0
35.62,255,255,0
35.64,255,255,0
35.66,255,255,0
35.68,255,255,0
35.7,255,255,0
35.72,255,255,0
35.74,255,255,0
35.76,255,255,0
35.78,255,255,0
35.8,255,255,0
35.82,255,255,0
35.84,255,255,0
35.86,255,255,0
35.88,255,255,0
35.9,255,255,0
35.92,255,255,0
35.94,255,255,0
35.96,255,255,0
35.98,255,255,0
36,255,255,0
36.02,255,255,0
36.04,255,255,0
36.06,255,255,0
36.08,255,255,0
36.1,255,255,0
36.12,255,255,0
36.14,255,255,0
36.16,255,255,0
36.18,255,255,0
36.2,255,255,0
36.22,255,255,0
36.24,255,255,0
36.26,255,255,0
36.28,255,255,0
36.3,255,255,0
36.32,255,255,0
36.34,255,255,0
36.36,255,255,0
36.38,255,255,0
36.4,255,254,0
36.42,255,254,0
36.44,255,254,0
36.46,255,252,0
36.48,255,254,0
36.5,255,253,0
36.52,255,253,0
36.54,255,253,0
36.56,255,254,0
36.58,255,254,0
36.6,255,254,0
36.62,255,254,0
36.64,255,255,0
36.66,255,255,0
36.68,255,255,0
36.7,255,255,0
36.72,255,255,0
36.74,255,255,0
36.76,255,254,0
36.78,255,255,0
36.8,255,253,0
36.82,255,254,0
36.84,255,254,0
36.86,255,255,0
36.88,255,255,0
36.9,255,255,0
36.92,255,255,0
36.94,255,255,0
36.96,255,255,0
36.98,255,255,0
37,255,255,0
37.02,255,253,0
37.04,255,255,0
37.06,255,254,0
37.08,255,253,0
37.1,255,255,0
37.12,255,255,0
37.14,255,255,0
37.16,255,255,0
37.18,255,255,0
37.2,255,255,0
37.22,255,255,0
37.24,255,254,0
37.26,255,255,0
37.28,255,254,0
37.3,255,255,0
37.32,255,255,0
37.34,255,255,0
37.36,255,255,0
37.38,255,255,0
37.4,255,255,0
37.42,255,255,0
37.44,255,255,0
37.46,255,254,0
37.48,255,253,0
37.5,255,254,0
37.52,255,253,0
37.54,255,253,0
37.56,255,255,0
37.58,255,255,0
37.6,255,255,0
37.62,255,255,0
37.64,255,255,0
37.66,255,255,0
37.68,255,255,0
37.7,255,255,0
37.72,255,255,0
37.74,255,255,0
37.76,255,254,0
37.78,255,254,0
37.8,255,255,0
37.82,255,255,0
37.84,255,255,0
37.86,255,255,0
37.88,255,255,0
37.9,255,255,0
37.92,255,255,0
37.94,255,255,0
37.96,255,255,0
37.98,255,255,0
38,255,255,0
38.02,255,255,0
38.04,255,255,0
38.06,255,255,0
38.08,255,255,0
38.1,255,255,0
38.12,255,255,0
38.14,255,255,0
38.16,255,255,0
38.18,255,254,0
38.2,255,254,0
38.22,255,254,0
38.24,255,253,0
38.26,255,255,0
38.28,255,255,0
38.3,255,255,0
38.32,255,255,0
38.34,255,255,0
38.36,255,255,0
38.38,255,255,0
38.4,255,253,0
38.42,255,254,0
38.44,255,253,0
38.46,255,253,0
38.48,255,254,0
38.5,255,254,0
38.52,255,255,0
38.54,255,255,0
38.56,255,255,0
38.58,255,255,0
38.6,255,253,0
38.62,255,253,0
38.64,255,254,0
38.66,255,254,0
38.68,255,255,0
38.7,255,253,0
38.72,255,253,0
38.74,255,253,0
38.76,255,253,0
38.78,255,254,0
38.8,255,253,0
38.82,255,253,0
38.84,255,253,0
38.86,255,253,0
38.88,255,253,0
38.9,255,253,0
38.92,255,255,0
38.94,255,255,0
38.96,255,255,0
38.98,255,255,0
39,255,255,0
39.02,255,255,0
39.04,247,255,0
39.06,224,255,0
39.08,205,255,0
39.1,184,255,0
39.12,163,255,0
39.14,144,255,0
39.16,125,255,0
39.18,114,255,0
39.2,107,255,0
39.22,101,255,0
39.24,97,255,0
39.26,90,255,0
39.28,88,255,0
39.3,86,255,0
39.32,87,255,0
39.34,91,255,12
39.36,96,255,13
39.38,102,255,14
39.4,117,255,14
39.42,144,255,14
39.44,188,255,14
39.46,228,255,14
39.48,246,255,14
39.5,255,255,14
39.52,255,255,14
39.54,255,255,14
39.56,255,255,14
39.58,255,255,14
39.6,255,255,14
39.62,255,255,14
39.64,255,255,14
39.66,255,254,14
39.68,255,255,14
39.7,255,255,14
39.72,255,254,14
39.74,255,255,14
39.76,255,254,14
39.78,255,254,14
39.8,255,253,14
39.82,255,254,14
39.84,255,254,14
39.86,255,254,14
39.88,255,254,14
39.9,255,254,14
39.92,255,254,14
39.94,255,254,14
39.96,255,254,14
39.98,255,254,14
40,255,254,14
40.02,255,254,14
40.04,255,254,14
40.06,255,254,14
40.08,255,254,14
40.1,255,254,14
40.12,255,254,14
40.14,255,254,2
40.16,255,255,0
40.18,255,254,0
40.2,255,253,0
40.22,255,254,0
40.24,255,254,0
40.26,255,254,0
40.28,255,255,0
40.3,255,254,0
40.32,255,252,0
40.34,255,242,0
40.36,255,219,0
40.38,255,196,0
40.4,255,175,0
40.42,255,156,0
40.44,255,142,0
40.46,255,125,0
40.48,255,115,0
40.5,255,107,0
40.52,255,101,0
40.54,255,97,0
40.56,255,92,0
40.58,255,90,0
40.6,255,89,0
40.62,255,88,0
40.64,255,87,0
40.66,255,87,0
40.68,255,87,0
40.7,255,87,0
40.72,255,88,0
40.74,255,88,0
40.76,255,89,0
40.78,255,89,0
40.8,255,90,0
40.82,255,92,0
40.84,255,95,0
40.86,255,98,0
40.88,255,101,0
40.9,255,104,0
40.92,255,108,9
40.94,255,110,11
40.96,255,114,11
40.98,255,119,11
41,255,122,11
41.02,255,126,11
41.04,255,135,11
41.06,255,138,11
41.08,255,143,11
41.1,255,146,11
41.12,255,148,11
41.14,255,150,11
41.16,255,151,11
41.18,255,152,11
41.2,255,154,11
41.22,255,155,11
41.24,255,157,11
41.26,255,158,11
41.28,255,160,11
41.3,255,162,11
41.32,255,164,11
41.34,255,167,11
41.36,255,170,11
41.38,255,173,11
41.4,255,177,11
41.42,255,181,11
41.44,255,183,11
41.46,255,186,11
41.48,255,190,11
41.5,255,194,11
41.52,255,199,11
41.54,255,203,11
41.56,255,204,11
41.58,255,206,11
41.6,255,207,11
41.62,255,208,11
41.64,255,209,11
41.66,255,210,11
41.68,255,211,11
41.7,255,213,11
41.72,255,213,1
41.74,255,215,0
41.76,255,217,0
41.78,255,219,0
41.8,255,221,0
41.82,255,222,0
41.84,255,224,0
41.86,255,226,0
41.88,255,228,0
41.9,255,231,0
41.92,255,234,0
41.94,255,236,0
41.96,255,238,0
41.98,255,240,0
42,255,242,0
42.02,255,246,0
42.04,255,251,0
42.06,255,251,0
42.08,255,251,0
42.1,255,251,0
42.12,255,251,0
42.14,255,251,0
42.16,255,252,0
42.18,255,251,0
42.2,255,252,0
42.22,255,251,0
42.24,255,251,0
42.26,255,252,0
42.28,255,252,0
42.3,255,251,0
42.32,255,251,0
42.34,255,251,0
42.36,255,252,0
42.38,255,252,0
42.4,255,251,0
42.42,255,251,0
42.44,255,251,0
42.46,255,251,0
42.48,255,251,0
42.5,255,251,0
42.52,255,251,0
42.54,255,251,0
42.56,255,252,0
42.58,255,250,0
42.6,255,252,0
42.62,255,251,0
42.64,255,251,0
42.66,255,252,0
42.68,255,251,0
42.7,255,252,0
42.72,255,251,0
42.74,255,251,0
42.76,255,251,0
42.78,255,252,0
42.8,255,251,0
42.82,255,252,0
42.84,255,251,0
42.86,255,251,0
42.88,255,251,0
42.9,255,252,0
42.92,255,251,0
42.94,255,251,0
42.96,255,251,0
42.98,255,251,0
43,255,251,0
43.02,255,251,0
43.04,255,251,0
43.06,255,251,0
43.08,255,251,0
43.1,255,251,0
43.12,255,251,0
43.14,255,252,0
43.16,255,251,0
43.18,255,251,0
43.2,255,251,0
43.22,255,251,0
43.24,255,251,0
43.26,255,251,0
43.28,255,251,0
43.3,255,246,0
43.32,255,237,0
43.34,255,226,0
43.36,255,215,0
43.38,255,203,0
43.4,255,195,0
43.42,255,190,0
43.44,255,188,0
43.46,255,184,0
43.48,255,180,0
43.5,255,179,0
43.52,255,180,0
43.54,255,186,12
43.56,255,193,14
43.58,255,201,14
43.6,255,205,14
43.62,255,213,14
43.64,255,225,14
43.66,255,234,14
43.68,255,240,14
43.7,255,242,14
43.72,255,243,14
43.74,255,243,14
43.76,255,244,14
43.78,255,242,14
43.8,255,243,14
43.82,255,242,14
43.84,255,242,14
43.86,255,242,14
43.88,255,241,14
43.9,255,238,14
43.92,255,234,35
43.94,255,229,38
43.96,255,226,39
43.98,255,225,39
44,255,224,39
44.02,255,224,39
44.04,255,219,39
44.06,255,215,39
44.08,255,212,39
44.1,255,209,39
44.12,255,205,39
44.14,255,202,39
44.16,255,194,39
44.18,255,183,39
44.2,255,172,39
44.22,255,163,39
44.24,255,154,39
44.26,255,147,39
44.28,255,141,39
44.3,255,133,39
44.32,255,122,39
44.34,255,117,39
44.36,255,114,39
44.38,255,113,39
44.4,255,113,39
44.42,255,115,39
44.44,255,118,39
44.46,255,122,24
44.48,255,129,22
44.5,255,148,22
44.52,255,165,22
44.54,255,184,22
44.56,255,195,22
44.58,255,205,22
44.6,255,211,22
44.62,255,222,22
44.64,255,238,22
44.66,255,244,22
44.68,255,253,22
44.7,255,255,22
44.72,255,255,22
44.74,255,255,22
44.76,255,255,22
44.78,255,255,22
44.8,255,255,22
44.82,255,255,22
44.84,255,255,22
44.86,255,255,22
44.88,255,255,22
44.9,255,255,22
44.92,255,255,22
44.94,255,255,22
44.96,255,255,22
44.98,255,255,22
45,255,255,22
45.02,255,255,22
45.04,255,255,22
45.06,255,255,22
45.08,255,255,22
45.1,255,255,22
45.12,255,255,22
45.14,255,255,22
45.16,255,255,22
45.18,255,255,22
45.2,255,255,22
45.22,255,255,22
45.24,255,255,22
45.26,255,255,3
45.28,255,255,0
45.3,255,255,0
45.32,255,255,0
45.34,255,255,0
45.36,255,255,0
45.38,255,255,0
45.4,253,255,0
45.42,216,255,0
45.44,188,255,0
45.46,167,255,0
45.48,146,255,0
45.5,121,255,0
45.52,107,255,0
45.54,93,255,0
45.56,84,255,0
45.58,76,255,0
45.6,70,255,0
45.62,66,255,0
45.64,66,255,0
45.66,65,255,0
45.68,67,255,0
45.7,73,255,12
45.72,84,255,14
45.74,106,255,14
45.76,131,255,14
45.78,158,255,14
45.8,201,255,14
45.82,255,255,14
45.84,255,255,14
45.86,255,255,14
45.88,255,255,14
45.9,255,255,14
45.92,255,255,14
45.94,255,255,14
45.96,255,255,14
45.98,255,255,14
46,255,255,14
46.02,255,255,14
46.04,255,255,14
46.06,255,255,14
46.08,255,255,14
46.1,255,255,14
46.12,255,255,14
46.14,255,255,14
46.16,255,255,14
46.18,255,255,14
46.2,255,255,14
46.22,255,255,14
46.24,255,255,14
46.26,255,255,14
46.28,255,255,14
46.3,255,253,14
46.32,255,231,14
46.34,255,212,14
46.36,255,192,14
46.38,255,172,14
46.4,255,155,14
46.42,255,141,14
46.44,255,124,14
46.46,255,115,14
46.48,255,108,14
46.5,255,104,2
46.52,255,103,0
46.54,255,103,0
46.56,255,105,0
46.58,255,108,0
46.6,255,113,12
46.62,255,119,14
46.64,255,126,14
46.66,255,145,14
46.68,255,164,14
46.7,255,190,14
46.72,255,213,14
46.74,255,220,14
46.76,255,226,14
46.78,255,237,14
46.8,255,248,14
46.82,255,255,14
46.84,255,255,14
46.86,255,255,14
46.88,255,255,14
46.9,255,255,14
46.92,255,255,14
46.94,255,255,14
46.96,255,255,14
46.98,255,255,14
47,255,255,14
47.02,255,255,14
47.04,255,255,14
47.06,255,255,14
47.08,255,255,14
47.1,255,255,14
47.12,255,255,14
47.14,255,255,14
47.16,255,255,14
47.18,255,255,14
47.2,255,255,14
47.22,255,255,14
47.24,255,255,14
47.26,255,255,14
47.28,255,255,14
47.3,255,255,14
47.32,255,255,14
47.34,255,255,14
47.36,230,255,14
47.38,204,255,14
47.4,181,255,2
47.42,157,255,0
47.44,134,255,0
47.46,111,255,0
47.48,98,255,0
47.5,87,255,0
47.52,83,255,0
47.54,78,255,0
47.56,75,255,0
47.58,75,255,0
47.6,75,255,0
47.62,79,255,12
47.64,88,255,14
47.66,102,255,14
47.68,123,255,14
47.7,147,255,14
47.72,173,255,14
47.74,200,255,14
47.76,231,255,14
47.78,252,255,14
47.8,255,255,14
47.82,255,255,14
47.84,255,255,14
47.86,255,255,14
47.88,255,255,14
47.9,255,255,14
47.92,255,255,14
47.94,255,255,14
47.96,255,255,14
47.98,255,255,14
48,255,255,14
48.02,255,255,14
48.04,255,255,14
48.06,255,255,14
48.08,255,255,14
48.1,255,255,14
48.12,255,255,14
48.14,255,255,14
48.16,255,255,14
48.18,255,255,14
48.2,255,255,14
48.22,255,255,14
48.24,255,255,14
48.26,255,255,14
48.28,255,255,14
48.3,255,255,14
48.32,255,255,14
48.34,255,255,14
48.36,255,255,14
48.38,255,255,14
48.4,255,255,14
48.42,255,255,2
48.44,255,255,0
48.46,255,255,0
48.48,255,255,0
48.5,255,255,0
48.52,255,242,0
48.54,255,223,0
48.56,255,208,0
48.58,255,194,0
48.6,255,180,0
48.62,255,163,0
48.64,255,151,0
48.66,255,140,0
48.68,255,133,0
48.7,255,123,0
48.72,255,121,0
48.74,255,121,0
48.76,255,122,0
48.78,255,126,12
48.8,255,136,14
48.82,255,139,14
48.84,255,145,14
48.86,255,157,14
48.88,255,186,14
48.9,255,231,14
48.92,255,255,14
48.94,255,255,14
48.96,255,255,14
48.98,255,255,14
49,255,255,14
49.02,255,255,14
49.04,255,255,14
49.06,255,255,14
49.08,255,255,14
49.1,255,255,14
49.12,255,255,14
49.14,255,255,14
49.16,255,255,14
49.18,255,255,14
49.2,255,255,14
49.22,255,255,14
49.24,255,255,14
49.26,255,255,14
49.28,255,255,14
49.3,255,255,14
49.32,255,255,14
49.34,255,255,14
49.36,255,255,14
49.38,255,255,14
49.4,255,255,14
49.42,255,255,14
49.44,255,255,14
49.46,255,255,14
49.48,255,255,14
49.5,255,255,14
49.52,255,255,14
49.54,255,255,14
49.56,255,255,14
49.58,255,255,2
49.6,255,255,0
49.62,255,255,0
49.64,255,255,0
49.66,255,255,0
49.68,255,255,0
49.7,243,255,0
49.72,226,255,0
49.74,209,255,0
49.76,197,255,0
49.78,183,255,0
49.8,171,255,0
49.82,162,255,0
49.84,154,255,0
49.86,149,255,0
49.88,148,255,0
49.9,147,255,0
49.92,147,255,0
49.94,149,255,0
49.96,151,255,0
49.98,155,255,12
50,160,255,14
50.02,171,255,14
50.04,189,255,14
50.06,224,255,14
50.08,255,255,14
50.1,255,255,14
50.12,255,255,14
50.14,255,255,14
50.16,255,255,14
50.18,255,255,14
50.2,255,255,14
50.22,255,255,14
50.24,255,255,14
50.26,255,255,14
50.28,255,255,14
50.3,255,255,14
50.32,255,255,14
50.34,255,255,14
50.36,255,255,14
50.38,255,255,14
50.4,255,255,14
50.42,255,255,14
50.44,255,255,14
50.46,255,255,14
50.48,255,255,14
50.5,255,255,14
50.52,255,255,14
50.54,255,255,14
50.56,255,255,14
50.58,255,255,14
50.6,255,255,14
50.62,255,255,14
50.64,255,255,14
50.66,255,255,14
50.68,255,255,14
50.7,255,255,14
50.72,255,255,14
50.74,255,255,14
50.76,255,255,14
50.78,255,255,2
50.8,255,255,0
50.82,255,255,0
50.84,255,255,0
50.86,255,255,0
50.88,255,250,0
50.9,255,235,0
50.92,255,219,0
50.94,255,203,0
50.96,255,188,0
50.98,255,175,0
51,255,164,0
51.02,255,155,0
51.04,255,148,0
51.06,255,142,0
51.08,255,135,0
51.1,255,125,0
51.12,255,120,0
51.14,255,118,0
51.16,255,116,0
51.18,255,116,0
51.2,255,116,0
51.22,255,120,11
51.24,255,123,13
51.26,255,127,13
51.28,255,136,13
51.3,255,144,13
51.32,255,150,13
51.34,255,160,13
51.36,255,173,13
51.38,255,183,13
51.4,255,190,13
51.42,255,195,13
51.44,255,200,13
51.46,255,206,13
51.48,255,209,13
51.5,255,212,13
51.52,255,216,13
51.54,255,219,13
51.56,255,224,13
51.58,255,228,13
51.6,255,233,13
51.62,255,240,13
51.64,255,247,13
51.66,255,254,13
51.68,255,254,13
51.7,255,255,13
51.72,255,254,13
51.74,255,255,13
51.76,255,254,13
51.78,255,254,13
51.8,255,255,13
51.82,255,254,13
51.84,255,255,13
51.86,255,254,13
51.88,255,254,13
51.9,255,254,13
51.92,255,255,13
51.94,255,255,13
51.96,255,255,13
51.98,255,254,13
52,255,255,13
52.02,255,254,2
52.04,255,254,0
52.06,255,255,0
52.08,255,254,0
52.1,255,253,0
52.12,255,254,0
52.14,255,254,0
52.16,255,254,0
52.18,255,254,0
52.2,255,254,0
52.22,255,254,0
52.24,255,254,0
52.26,255,254,0
52.28,255,254,0
52.3,255,255,0
52.32,255,254,0
52.34,255,254,0
52.36,255,254,0
52.38,255,254,0
52.4,255,255,0
52.42,255,255,0
52.44,255,255,0
52.46,255,255,0
52.48,255,255,0
52.5,255,255,0
52.52,237,255,0
52.54,222,255,0
52.56,207,255,0
52.58,192,255,0
52.6,175,255,0
52.62,161,255,0
52.64,146,255,0
52.66,134,255,0
52.68,119,255,0
52.7,113,255,0
52.72,112,255,0
52.74,113,255,0
52.76,116,255,0
52.78,117,255,0
52.8,118,255,0
52.82,120,255,0
52.84,123,255,0
52.86,126,255,0
52.88,138,255,11
52.9,143,255,13
52.92,145,255,13
52.94,150,255,13
52.96,154,255,13
52.98,157,255,13
53,163,255,13
53.02,164,255,13
53.04,166,255,13
53.06,166,255,13
53.08,166,255,13
53.1,167,255,13
53.12,169,255,13
53.14,170,255,13
53.16,171,255,13
53.18,170,255,13
53.2,172,255,13
53.22,172,255,13
53.24,173,255,13
53.26,175,255,13
53.28,177,255,13
53.3,180,255,13
53.32,183,255,13
53.34,186,255,13
53.36,187,255,13
53.38,187,255,13
53.4,189,255,13
53.42,189,255,13
53.44,192,255,13
53.46,194,255,13
53.48,194,255,13
53.5,195,255,13
53.52,197,255,13
53.54,201,255,13
53.56,204,255,13
53.58,210,255,13
53.6,213,255,13
53.62,217,255,13
53.64,217,255,13
53.66,217,255,13
53.68,218,255,2
53.7,218,255,0
53.72,218,255,0
53.74,220,255,0
53.76,219,255,0
53.78,220,255,0
53.8,219,255,0
53.82,218,255,0
53.84,220,255,0
53.86,218,255,0
53.88,218,255,0
53.9,219,255,0
53.92,219,255,0
53.94,218,255,0
53.96,220,255,0
53.98,218,255,0
54,220,255,0
54.02,219,255,0
54.04,218,255,0
54.06,219,255,0
54.08,217,255,0
54.1,218,255,0
54.12,218,255,0
54.14,220,255,0
54.16,218,255,0
54.18,214,255,0
54.2,207,255,0
54.22,196,255,0
54.24,181,255,0
54.26,158,255,0
54.28,138,255,0
54.3,114,255,0
54.32,101,255,0
54.34,91,255,0
54.36,82,255,0
54.38,74,255,0
54.4,67,255,0
54.42,65,255,0
54.44,65,255,0
54.46,65,255,0
54.48,70,255,12
54.5,76,255,13
54.52,83,255,14
54.54,90,255,14
54.56,104,255,14
54.58,121,255,14
54.6,134,255,14
54.62,148,255,14
54.64,180,255,14
54.66,201,255,14
54.68,210,255,14
54.7,213,255,14
54.72,223,255,14
54.74,238,255,14
54.76,255,255,14
54.78,255,255,14
54.8,255,255,14
54.82,255,255,14
54.84,255,255,14
54.86,255,255,14
54.88,255,255,14
54.9,255,255,14
54.92,255,255,14
54.94,255,255,14
54.96,255,255,14
54.98,255,255,14
55,255,255,14
55.02,255,255,14
55.04,255,255,14
55.06,255,255,14
55.08,255,255,14
55.1,255,255,14
55.12,255,255,14
55.14,255,255,14
55.16,255,255,14
55.18,255,255,14
55.2,255,255,14
55.22,255,255,14
55.24,255,255,14
55.26,255,255,14
55.28,255,255,2
55.3,255,255,0
55.32,255,255,0
55.34,255,255,0
55.36,255,255,0
55.38,255,255,0
55.4,255,255,0
55.42,255,255,0
55.44,255,255,0
55.46,255,255,0
55.48,255,255,0
55.5,255,255,0
55.52,255,255,0
55.54,255,255,0
55.56,255,255,0
55.58,255,255,0
55.6,255,255,0
55.62,255,255,0
55.64,255,255,0
55.66,255,255,0
55.68,255,255,0
55.7,255,255,0
55.72,255,255,0
55.74,255,255,0
55.76,255,255,0
55.78,255,255,0
55.8,255,255,0
55.82,255,255,0
55.84,255,255,0
55.86,255,255,0
55.88,255,255,0
55.9,255,255,0
55.92,255,255,0
55.94,255,255,0
55.96,255,255,0
55.98,255,255,0
56,255,255,0
56.02,255,255,0
56.04,255,255,0
56.06,255,255,0
56.08,255,255,0
56.1,255,255,0
56.12,255,255,0
56.14,255,255,0
56.16,255,255,0
56.18,255,255,0
56.2,255,255,0
56.22,255,255,0
56.24,255,255,0
56.26,255,255,0
56.28,255,255,0
56.3,255,255,0
56.32,255,255,0
56.34,255,255,0
56.36,255,255,0
56.38,255,255,0
56.4,255,255,0
56.42,255,255,0
56.44,255,255,0
56.46,255,255,0
56.48,255,255,0
56.5,255,255,0
56.52,255,255,0
56.54,255,255,0
56.56,255,255,0
56.58,255,255,0
56.6,255,255,0
56.62,255,255,0
56.64,255,255,0
56.66,255,255,0
56.68,255,255,0
56.7,255,255,0
56.72,255,255,0
56.74,255,255,0
56.76,255,255,0
56.78,255,255,0
56.8,255,255,0
56.82,255,255,0
56.84,255,255,0
56.86,255,255,0
56.88,255,255,0
56.9,255,255,0
56.92,255,255,0
56.94,255,255,0
56.96,255,255,0
56.98,255,255,0
57,255,255,0
57.02,255,255,0
57.04,255,255,0
57.06,255,255,0
57.08,255,255,0
57.1,255,252,0
57.12,255,252,0
57.14,255,254,0
57.16,255,254,0
57.18,255,254,0
57.2,255,254,0
57.22,255,255,0
57.24,255,255,0
57.26,255,255,0
57.28,255,255,0
57.3,255,255,0
57.32,255,255,0
57.34,255,255,0
57.36,255,255,0
57.38,255,255,0
57.4,255,255,0
57.42,255,255,0
57.44,255,255,0
57.46,255,255,0
57.48,255,254,0
57.5,255,252,0
57.52,255,255,0
57.54,255,255,0
57.56,255,255,0
57.58,255,255,0
57.6,255,255,0
57.62,255,255,0
57.64,255,255,0
57.66,255,254,0
57.68,255,255,0
57.7,255,254,0
57.72,255,255,0
57.74,255,255,0
57.76,255,255,0
57.78,255,255,0
57.8,255,255,0
57.82,255,255,0
57.84,255,255,0
57.86,255,255,0
57.88,255,255,0
57.9,255,255,0
57.92,255,255,0
57.94,255,255,0
57.96,255,254,0
57.98,255,254,0
58,255,254,0
58.02,255,255,0
58.04,255,252,0
58.06,255,255,0
58.08,255,255,0
58.1,255,255,0
58.12,255,255,0
58.14,255,255,0
58.16,255,255,0
58.18,255,255,0
58.2,255,255,0
58.22,255,255,0
58.24,255,255,0
58.26,255,254,0
58.28,255,254,0
58.3,255,252,0
58.32,255,255,0
58.34,255,255,0
58.36,255,255,0
58.38,255,255,0
58.4,255,253,0
58.42,255,254,0
58.44,255,254,0
58.46,255,254,0
58.48,255,254,0
58.5,255,254,0
58.52,255,254,0
58.54,255,253,0
58.56,255,253,0
58.58,255,254,0
58.6,255,253,0
58.62,255,254,0
58.64,255,253,0
58.66,255,253,0
58.68,255,253,0
58.7,255,253,0
58.72,255,253,0
58.74,255,254,0
58.76,255,253,0
58.78,255,255,0
58.8,255,255,0
58.82,255,255,0
58.84,255,255,0
58.86,255,255,0
58.88,255,255,0
58.9,255,255,0
58.92,255,255,0
58.94,255,255,0
58.96,255,255,0
58.98,255,255,0
59,255,255,0
59.02,239,255,0
59.04,207,255,0
59.06,175,255,0
59.08,146,255,0
59.1,121,255,0
59.12,106,255,0
59.14,95,255,0
59.16,85,255,0
59.18,78,255,0
59.2,74,255,0
59.22,72,255,0
59.24,73,255,0
59.26,71,255,0
59.28,70,255,0
59.3,71,255,0
59.32,72,255,0
59.34,71,255,0
59.36,72,255,0
59.38,76,255,11
59.4,88,255,13
59.42,125,255,13
59.44,168,255,13
59.46,204,255,13
59.48,238,255,13
59.5,255,255,13
59.52,255,255,13
59.54,255,255,13
59.56,255,255,13
59.58,255,255,13
59.6,255,255,13
59.62,255,255,13
59.64,255,254,13
59.66,255,255,13
59.68,255,254,13
59.7,255,254,13
59.72,255,254,13
59.74,255,254,13
59.76,255,255,13
59.78,255,255,13
59.8,255,255,13
59.82,255,254,13
59.84,255,255,13
59.86,255,254,13
59.88,255,254,13
59.9,255,255,13
59.92,255,255,13
59.94,255,254,13
59.96,255,254,13
59.98,255,254,13
60,255,255,13
60.02,255,255,13
60.04,255,254,13
60.06,255,254,13
60.08,255,255,13
60.1,255,254,13
60.12,255,254,13
60.14,255,255,13
60.16,255,254,13
60.18,255,254,2
60.2,255,255,0
60.22,255,254,0
60.24,255,254,0
60.26,255,254,0
60.28,255,255,0
60.3,255,255,0
60.32,255,238,0
60.34,255,211,0
60.36,255,188,0
60.38,255,168,0
60.4,255,153,0
60.42,255,140,0
60.44,255,125,0
60.46,255,119,0
60.48,255,118,0
60.5,255,121,0
60.52,255,126,13
60.54,255,135,15
60.56,255,137,15
60.58,255,136,15
60.6,255,136,15
60.62,255,136,15
60.64,255,136,15
60.66,255,138,15
60.68,255,142,15
60.7,255,152,15
60.72,255,166,15
60.74,255,186,15
60.76,255,205,15
60.78,255,224,15
60.8,255,239,15
60.82,255,247,15
60.84,255,255,15
60.86,255,255,15
60.88,255,255,15
60.9,255,255,15
60.92,255,255,15
60.94,255,255,15
60.96,255,255,15
60.98,255,255,15
61,255,255,15
61.02,255,255,15
61.04,255,255,15
61.06,255,255,15
61.08,255,255,15
61.1,255,255,15
61.12,255,255,15
61.14,255,255,15
61.16,255,255,15
61.18,255,255,15
61.2,255,255,15
61.22,255,255,15
61.24,255,255,15
61.26,255,255,15
61.28,255,255,15
61.3,255,255,15
61.32,255,255,2
61.34,255,255,0
61.36,255,255,0
61.38,255,255,0
61.4,255,255,0
61.42,255,255,0
61.44,255,255,0
61.46,255,255,0
61.48,255,255,0
61.5,255,255,0
61.52,255,255,0
61.54,255,255,0
61.56,255,255,0
61.58,255,255,0
61.6,255,255,0
61.62,255,255,0
61.64,255,255,0
61.66,255,255,0
61.68,255,255,0
61.7,255,255,0
61.72,255,255,0
61.74,255,255,0
61.76,255,255,0
61.78,255,255,0
61.8,255,255,0
61.82,255,255,0
61.84,255,255,0
61.86,255,255,0
61.88,255,255,0
61.9,255,255,0
61.92,255,255,0
61.94,255,255,0
61.96,255,255,0
61.98,255,255,0
62,255,255,0
62.02,255,255,0
62.04,255,255,0
62.06,255,255,0
62.08,255,255,0
62.1,255,255,0
62.12,255,255,0
62.14,255,255,0
62.16,255,255,0
62.18,255,255,0
62.2,255,255,0
62.22,255,255,0
62.24,255,255,0
62.26,255,255,0
62.28,255,255,0
62.3,255,255,0
62.32,255,255,0
62.34,255,255,0
62.36,255,255,0
62.38,255,255,0
62.4,255,255,0
62.42,255,255,0
62.44,255,255,0
62.46,255,255,0
62.48,255,255,0
62.5,255,255,0
62.52,255,254,0
62.54,255,255,0
62.56,255,255,0
62.58,255,255,0
62.6,255,255,0
62.62,255,255,0
62.64,255,255,0
62.66,255,255,0
62.68,255,255,0
62.7,255,255,0
62.72,255,255,0
62.74,255,255,0
62.76,255,255,0
62.78,255,255,0
62.8,255,255,0
62.82,255,255,0
62.84,255,255,0
62.86,255,255,0
62.88,255,255,0
62.9,255,255,0
62.92,255,255,0
62.94,255,255,0
62.96,255,255,0
62.98,255,255,0
63,255,255,0
63.02,255,255,0
63.04,255,255,0
63.06,255,255,0
63.08,255,255,0
63.1,255,255,0
63.12,255,255,0
63.14,255,255,0
63.16,255,255,0
63.18,255,255,0
63.2,255,255,0
63.22,255,255,0
63.24,255,255,0
63.26,255,255,0
63.28,255,255,0
63.3,255,255,0
63.32,255,255,0
63.34,255,255,0
63.36,255,255,0
63.38,255,255,0
63.4,255,255,0
63.42,255,255,0
63.44,255,255,0
63.46,255,255,0
63.48,255,255,0
63.5,255,255,0
63.52,255,255,0
63.54,255,255,0
63.56,255,255,0
63.58,255,255,0
63.6,255,255,0
63.62,255,255,0
63.64,255,255,0
63.66,255,255,0
63.68,255,255,0
63.7,232,255,0
63.72,197,255,0
63.74,159,255,0
63.76,119,255,0
63.78,94,255,0
63.8,76,255,0
63.82,64,255,0
63.84,56,255,0
63.86,51,255,0
63.88,46,255,0
63.9,45,255,0
63.92,47,255,0
63.94,54,255,12
63.96,59,255,14
63.98,66,255,14
64,72,255,14
64.02,76,255,14
64.04,81,255,14
64.06,87,255,14
64.08,93,255,14
64.1,100,255,14
64.12,113,255,14
64.14,136,255,14
64.16,158,255,14
64.18,179,255,14
64.2,199,255,14
64.22,222,255,14
64.24,244,255,14
64.26,255,255,14
64.28,255,255,14
64.3,255,255,14
64.32,255,255,14
64.34,255,255,14
64.36,255,255,14
64.38,255,255,14
64.4,255,255,14
64.42,255,255,14
64.43999,255,255,14
64.46,255,255,14
64.48,255,255,14
64.5,255,255,14
64.52,255,255,14
64.54,255,255,14
64.56,255,255,14
64.58,255,255,14
64.6,255,255,14
64.62,255,255,14
64.64,255,255,14
64.66,255,255,14
64.68,255,255,14
64.7,255,255,14
64.72,255,255,14
64.74,255,255,2
64.76,255,255,0
64.78,255,255,0
64.8,255,255,0
64.82,255,255,0
64.84,255,255,0
64.86,255,255,0
64.88,255,255,0
64.9,255,255,0
64.92,255,255,0
64.93999,255,255,0
64.96,255,255,0
64.98,255,255,0
65,255,255,0
65.02,255,255,0
65.04,255,255,0
65.06,255,255,0
65.08,255,255,0
65.1,255,255,0
65.12,255,255,0
65.14,255,255,0
65.16,255,255,0
65.18,255,255,0
65.2,255,255,0
65.22,255,255,0
65.24,255,255,0
65.26,255,255,0
65.28,255,255,0
65.3,255,255,0
65.32,255,255,0
65.34,255,255,0
65.36,255,255,0
65.38,255,255,0
65.4,255,255,0
65.42,255,255,0
65.43999,255,255,0
65.46,255,255,0
65.48,255,255,0
65.5,255,255,0
65.52,255,255,0
65.54,255,255,0
65.56,255,255,0
65.58,255,255,0
65.6,255,255,0
65.62,255,255,0
65.64,255,255,0
65.66,255,255,0
65.68,255,255,0
65.7,255,255,0
65.72,255,255,0
65.74,255,255,0
65.76,255,255,0
65.78,255,255,0
65.8,255,255,0
65.82,255,255,0
65.84,255,255,0
65.86,255,255,0
65.88,255,255,0
65.9,255,255,0
65.92,255,255,0
65.93999,255,255,0
65.96,255,255,0
65.98,255,255,0
66,255,255,0
66.02,255,255,0
66.04,255,255,0
66.06,255,255,0
66.08,255,255,0
66.1,255,255,0
66.12,255,255,0
66.14,255,255,0
66.16,255,255,0
66.18,255,255,0
66.2,255,255,0
66.22,255,255,0
66.24,255,255,0
66.26,255,255,0
66.28,255,255,0
66.3,255,255,0
66.32,255,255,0
66.34,255,255,0
66.36,255,255,0
66.38,255,255,0
66.4,255,255,0
66.42,255,255,0
66.43999,255,255,0
66.46,255,255,0
66.48,255,255,0
66.5,255,255,0
66.52,255,255,0
66.54,255,255,0
66.56,255,255,0
66.58,255,255,0
66.6,255,255,0
66.62,255,255,0
66.64,255,255,0
66.66,255,255,0
66.68,255,255,0
66.7,255,255,0
66.72,255,255,0
66.74,205,255,0
66.76,156,255,0
66.78,123,255,0
66.8,107,255,0
66.82,102,255,0
66.84,101,255,0
66.86,107,255,14
66.88,118,255,16
66.9,126,255,16
66.92,134,255,17
66.93999,134,255,17
66.96,131,255,17
66.98,125,255,165
67,126,255,187
67.02,126,255,190
67.04,134,255,302
67.06,137,255,318
67.08,138,255,321
67.1,141,255,321
67.12,142,255,321
67.14,145,255,321
67.16,144,255,321
67.18,146,255,321
67.2,144,255,321
67.22,145,255,321
67.24,149,255,321
67.26,149,255,321
67.28,151,255,321
67.3,153,255,321
67.32,154,255,321
67.34,161,255,321
67.36,175,255,321
67.38,200,255,321
67.4,228,255,321
67.42,255,255,321
67.43999,255,255,321
67.46,255,255,321
67.48,255,255,321
67.5,255,255,321
67.52,255,255,321
67.54,255,255,321
67.56,255,255,321
67.58,255,255,321
67.6,255,255,321
67.62,255,255,321
67.64,255,255,321
67.66,255,255,321
67.68,255,255,321
67.7,255,255,321
67.72,255,255,321
67.74,255,255,321
67.76,255,255,321
67.78,255,255,321
67.8,255,255,321
67.82,255,255,321
67.84,255,255,48
67.86,255,255,7
67.88,255,255,1
67.9,255,255,0
67.92,255,255,0
67.93999,255,255,0
67.96,255,255,0
67.98,255,255,0
68,255,255,0
68.02,255,255,0
68.04,255,255,0
68.06,255,255,0
68.08,255,255,0
68.1,255,255,0
68.12,255,255,0
68.14,255,255,0
68.16,255,255,0
68.18,255,255,0
68.2,255,255,0
68.22,255,255,0
68.24,255,255,0
68.26,255,255,0
68.28,255,255,0
68.3,255,255,0
68.32,255,255,0
68.34,255,255,0
68.36,255,255,0
68.38,255,255,0
68.4,255,255,0
68.42,255,255,0
68.43999,255,255,0
68.46,255,255,0
68.48,255,255,0
68.5,255,255,0
68.52,255,255,0
68.54,255,255,0
68.56,255,255,0
68.58,255,255,0
68.6,255,255,0
68.62,255,255,0
68.64,255,255,0
68.66,255,255,0
68.68,255,255,0
68.7,255,255,0
68.72,255,255,0
68.74,255,255,0
68.76,255,255,0
68.78,255,255,0
68.8,255,255,0
68.82,255,255,0
68.84,255,255,0
68.86,255,255,0
68.88,255,255,0
68.9,255,255,0
68.92,255,255,0
68.93999,255,255,0
68.96,255,255,0
68.98,255,255,0
69,255,255,0
69.02,255,255,0
69.04,255,255,0
69.06,255,255,0
69.08,255,255,0
69.1,255,255,0
69.12,255,255,0
69.14,255,255,0
69.16,255,255,0
69.18,255,255,0
69.2,255,255,0
69.22,255,255,0
69.24,255,255,0
69.26,255,255,0
69.28,255,255,0
69.3,255,255,0
69.32,255,255,0
69.34,255,255,0
69.36,255,255,0
69.38,255,255,0
69.4,255,255,0
69.42,255,255,0
69.43999,255,255,0
69.46,255,255,0
69.48,255,255,0
69.5,255,255,0
69.52,255,255,0
69.54,255,255,0
69.56,255,255,0
69.58,255,255,0
69.6,255,255,0
69.62,255,255,0
69.64,255,255,0
69.66,255,255,0
69.68,255,255,0
69.7,255,255,0
69.72,255,255,0
69.74,255,255,0
69.76,255,255,0
69.78,255,255,0
69.8,255,255,0
69.82,255,255,0
69.84,255,255,0
69.86,255,255,0
69.88,255,255,0
69.9,255,255,0
69.92,255,255,0
69.93999,255,255,0
69.96,255,255,0
69.98,255,255,0
70,255,255,0
70.02,255,255,0
70.04,255,255,0
70.06,255,255,0
70.08,255,255,0
70.1,255,255,0
70.12,255,255,0
70.14,255,255,0
70.16